(kicad_pcb (version 20171130) (host pcbnew 5.1.7+dfsg1-1~bpo10+1)

  (general
    (thickness 1.6)
    (drawings 36)
    (tracks 0)
    (zones 0)
    (modules 93)
    (nets 112)
  )

  (page A4)
  (layers
    (0 F.Cu signal)
    (31 B.Cu signal)
    (32 B.Adhes user)
    (33 F.Adhes user)
    (34 B.Paste user)
    (35 F.Paste user)
    (36 B.SilkS user)
    (37 F.SilkS user)
    (38 B.Mask user)
    (39 F.Mask user)
    (40 Dwgs.User user)
    (41 Cmts.User user)
    (42 Eco1.User user)
    (43 Eco2.User user)
    (44 Edge.Cuts user)
    (45 Margin user)
    (46 B.CrtYd user)
    (47 F.CrtYd user)
    (48 B.Fab user)
    (49 F.Fab user hide)
  )

  (setup
    (last_trace_width 0.25)
    (trace_clearance 0.2)
    (zone_clearance 0.508)
    (zone_45_only no)
    (trace_min 0.2)
    (via_size 0.8)
    (via_drill 0.4)
    (via_min_size 0.4)
    (via_min_drill 0.3)
    (uvia_size 0.3)
    (uvia_drill 0.1)
    (uvias_allowed no)
    (uvia_min_size 0.2)
    (uvia_min_drill 0.1)
    (edge_width 0.05)
    (segment_width 0.2)
    (pcb_text_width 0.3)
    (pcb_text_size 1.5 1.5)
    (mod_edge_width 0.12)
    (mod_text_size 1 1)
    (mod_text_width 0.15)
    (pad_size 3 3)
    (pad_drill 1.8)
    (pad_to_mask_clearance 0)
    (aux_axis_origin 60 70)
    (grid_origin 60 70)
    (visible_elements FFFDF77F)
    (pcbplotparams
      (layerselection 0x010fc_ffffffff)
      (usegerberextensions false)
      (usegerberattributes true)
      (usegerberadvancedattributes true)
      (creategerberjobfile true)
      (excludeedgelayer true)
      (linewidth 0.100000)
      (plotframeref false)
      (viasonmask false)
      (mode 1)
      (useauxorigin false)
      (hpglpennumber 1)
      (hpglpenspeed 20)
      (hpglpendiameter 15.000000)
      (psnegative false)
      (psa4output false)
      (plotreference true)
      (plotvalue true)
      (plotinvisibletext false)
      (padsonsilk false)
      (subtractmaskfromsilk false)
      (outputformat 1)
      (mirror false)
      (drillshape 1)
      (scaleselection 1)
      (outputdirectory ""))
  )

  (net 0 "")
  (net 1 GND)
  (net 2 +3V3)
  (net 3 /VDDA)
  (net 4 /RESET)
  (net 5 /5VINT)
  (net 6 /USB5V)
  (net 7 "Net-(C21-Pad1)")
  (net 8 "Net-(C22-Pad1)")
  (net 9 /OSC-IN)
  (net 10 "Net-(C25-Pad1)")
  (net 11 /OSC-OUT)
  (net 12 "Net-(C28-Pad1)")
  (net 13 "Net-(C29-Pad1)")
  (net 14 /LED1)
  (net 15 "Net-(D3-Pad2)")
  (net 16 "Net-(FB2-Pad2)")
  (net 17 Earth_Protective)
  (net 18 /USB-DM)
  (net 19 "Net-(J1-Pad4)")
  (net 20 /USB-DP)
  (net 21 /BAT+)
  (net 22 /KEY-R1)
  (net 23 /KEY-R2)
  (net 24 /KEY-R3)
  (net 25 /KEY-R4)
  (net 26 /KEY-R5)
  (net 27 /KEY-R6)
  (net 28 /KEY-R7)
  (net 29 /KEY-R8)
  (net 30 /KEY-C1)
  (net 31 /KEY-C2)
  (net 32 /KEY-C3)
  (net 33 /KEY-C4)
  (net 34 /KEY-C5)
  (net 35 /KEY-C6)
  (net 36 /KEY-C7)
  (net 37 /KEY-C8)
  (net 38 /LCD-5V)
  (net 39 /LCD-D0)
  (net 40 /LCD-D1)
  (net 41 /LCD-D2)
  (net 42 /LCD-D3)
  (net 43 /LCD-D4)
  (net 44 /LCD-D5)
  (net 45 /LCD-D6)
  (net 46 /LCD-D7)
  (net 47 "Net-(J5-Pad12)")
  (net 48 /SOUND-LATCH)
  (net 49 /LCD-RS)
  (net 50 /LCD-E)
  (net 51 /LCD-CS)
  (net 52 /LCD-R~W)
  (net 53 /PA0)
  (net 54 /PB5)
  (net 55 /PA1)
  (net 56 /PB6)
  (net 57 /PA2)
  (net 58 /PB7)
  (net 59 /PA3)
  (net 60 /PB11)
  (net 61 /PA4)
  (net 62 /PB12)
  (net 63 /PA5)
  (net 64 /PB13)
  (net 65 /PA6)
  (net 66 /PB14)
  (net 67 /PA7)
  (net 68 /PB15)
  (net 69 /PA8)
  (net 70 /PC1)
  (net 71 /PD0)
  (net 72 /PC4)
  (net 73 /PD1)
  (net 74 /PC5)
  (net 75 /BOOT0)
  (net 76 /SWDC)
  (net 77 /SWDIO)
  (net 78 /TRACE-RX)
  (net 79 /TRACE-TX)
  (net 80 /SDCARD-D0)
  (net 81 /SDCARD-D1)
  (net 82 /SDCARD-CK)
  (net 83 /SDCARD-D2)
  (net 84 /SDCARD-D3)
  (net 85 /SDCARD-CMD)
  (net 86 "Net-(L1-Pad2)")
  (net 87 "Net-(L1-Pad1)")
  (net 88 "Net-(L2-Pad1)")
  (net 89 /CHARGE-PWM)
  (net 90 /LCD-ON)
  (net 91 /LCD-CON-PWM)
  (net 92 "Net-(R2-Pad2)")
  (net 93 "Net-(R3-Pad2)")
  (net 94 "Net-(R4-Pad2)")
  (net 95 "Net-(R11-Pad2)")
  (net 96 /ADC-BAT)
  (net 97 /WAKEUP)
  (net 98 /QSPI-CS)
  (net 99 "Net-(U1-Pad5)")
  (net 100 /I-CHARGE)
  (net 101 /QSPI-IO2)
  (net 102 /QSPI-CLK)
  (net 103 /QSPI-IO0)
  (net 104 /QSPI-IO1)
  (net 105 /QSPI-IO3)
  (net 106 "Net-(U4-Pad61)")
  (net 107 /ADC-5V)
  (net 108 /3-5V)
  (net 109 "Net-(D4-Pad1)")
  (net 110 "Net-(J1-Pad2)")
  (net 111 "Net-(J1-Pad3)")

  (net_class Default "This is the default net class."
    (clearance 0.2)
    (trace_width 0.25)
    (via_dia 0.8)
    (via_drill 0.4)
    (uvia_dia 0.3)
    (uvia_drill 0.1)
    (add_net +3V3)
    (add_net /3-5V)
    (add_net /5VINT)
    (add_net /ADC-5V)
    (add_net /ADC-BAT)
    (add_net /BAT+)
    (add_net /BOOT0)
    (add_net /CHARGE-PWM)
    (add_net /I-CHARGE)
    (add_net /KEY-C1)
    (add_net /KEY-C2)
    (add_net /KEY-C3)
    (add_net /KEY-C4)
    (add_net /KEY-C5)
    (add_net /KEY-C6)
    (add_net /KEY-C7)
    (add_net /KEY-C8)
    (add_net /KEY-R1)
    (add_net /KEY-R2)
    (add_net /KEY-R3)
    (add_net /KEY-R4)
    (add_net /KEY-R5)
    (add_net /KEY-R6)
    (add_net /KEY-R7)
    (add_net /KEY-R8)
    (add_net /LCD-5V)
    (add_net /LCD-CON-PWM)
    (add_net /LCD-CS)
    (add_net /LCD-D0)
    (add_net /LCD-D1)
    (add_net /LCD-D2)
    (add_net /LCD-D3)
    (add_net /LCD-D4)
    (add_net /LCD-D5)
    (add_net /LCD-D6)
    (add_net /LCD-D7)
    (add_net /LCD-E)
    (add_net /LCD-ON)
    (add_net /LCD-RS)
    (add_net /LCD-R~W)
    (add_net /LED1)
    (add_net /OSC-IN)
    (add_net /OSC-OUT)
    (add_net /PA0)
    (add_net /PA1)
    (add_net /PA2)
    (add_net /PA3)
    (add_net /PA4)
    (add_net /PA5)
    (add_net /PA6)
    (add_net /PA7)
    (add_net /PA8)
    (add_net /PB11)
    (add_net /PB12)
    (add_net /PB13)
    (add_net /PB14)
    (add_net /PB15)
    (add_net /PB5)
    (add_net /PB6)
    (add_net /PB7)
    (add_net /PC1)
    (add_net /PC4)
    (add_net /PC5)
    (add_net /PD0)
    (add_net /PD1)
    (add_net /QSPI-CLK)
    (add_net /QSPI-CS)
    (add_net /QSPI-IO0)
    (add_net /QSPI-IO1)
    (add_net /QSPI-IO2)
    (add_net /QSPI-IO3)
    (add_net /RESET)
    (add_net /SDCARD-CK)
    (add_net /SDCARD-CMD)
    (add_net /SDCARD-D0)
    (add_net /SDCARD-D1)
    (add_net /SDCARD-D2)
    (add_net /SDCARD-D3)
    (add_net /SOUND-LATCH)
    (add_net /SWDC)
    (add_net /SWDIO)
    (add_net /TRACE-RX)
    (add_net /TRACE-TX)
    (add_net /USB-DM)
    (add_net /USB-DP)
    (add_net /USB5V)
    (add_net /VDDA)
    (add_net /WAKEUP)
    (add_net Earth_Protective)
    (add_net GND)
    (add_net "Net-(C21-Pad1)")
    (add_net "Net-(C22-Pad1)")
    (add_net "Net-(C25-Pad1)")
    (add_net "Net-(C28-Pad1)")
    (add_net "Net-(C29-Pad1)")
    (add_net "Net-(D3-Pad2)")
    (add_net "Net-(D4-Pad1)")
    (add_net "Net-(FB2-Pad2)")
    (add_net "Net-(J1-Pad2)")
    (add_net "Net-(J1-Pad3)")
    (add_net "Net-(J1-Pad4)")
    (add_net "Net-(J5-Pad12)")
    (add_net "Net-(L1-Pad1)")
    (add_net "Net-(L1-Pad2)")
    (add_net "Net-(L2-Pad1)")
    (add_net "Net-(R11-Pad2)")
    (add_net "Net-(R2-Pad2)")
    (add_net "Net-(R3-Pad2)")
    (add_net "Net-(R4-Pad2)")
    (add_net "Net-(U1-Pad5)")
    (add_net "Net-(U4-Pad61)")
  )

  (module PROJECT_LOCAL:Conn_uSDcard (layer F.Cu) (tedit 5F954E85) (tstamp 5F95B7A6)
    (at 249.5 104.9 90)
    (path /5F863101)
    (fp_text reference J8 (at 0 1 270) (layer F.Fab)
      (effects (font (size 0.6 0.6) (thickness 0.1)))
    )
    (fp_text value Micro_SD_Card (at 0 0 270) (layer F.Fab)
      (effects (font (size 0.6 0.5) (thickness 0.1)))
    )
    (fp_line (start -7.35 3.3) (end 0 3.3) (layer F.SilkS) (width 0.15))
    (fp_line (start 0 3.3) (end 1.35 3.35) (layer F.SilkS) (width 0.15))
    (fp_line (start 1.35 3.35) (end 2.5 3.5) (layer F.SilkS) (width 0.15))
    (fp_line (start 2.5 3.5) (end 3.6 3.7) (layer F.SilkS) (width 0.15))
    (fp_line (start 3.6 3.7) (end 4.65 4) (layer F.SilkS) (width 0.15))
    (fp_line (start 2.8 -10) (end 2.8 -11.3) (layer F.SilkS) (width 0.15))
    (fp_line (start -7.35 -1.8) (end -7.35 -9) (layer F.SilkS) (width 0.15))
    (fp_line (start -7.35 1) (end -7.35 3.3) (layer F.SilkS) (width 0.15))
    (fp_line (start 4.65 4) (end 7.35 4) (layer F.SilkS) (width 0.15))
    (fp_line (start 7.35 4) (end 7.35 1) (layer F.SilkS) (width 0.15))
    (fp_line (start 7.35 -9) (end 7.35 -1.8) (layer F.SilkS) (width 0.15))
    (fp_line (start 7.35 -9.5) (end 6.85 -10) (layer F.Fab) (width 0.05))
    (fp_line (start 2.35 -9.4) (end 2.05 -9.4) (layer F.SilkS) (width 0.15))
    (fp_line (start 2.05 -9.4) (end 2.05 -9.1) (layer F.SilkS) (width 0.15))
    (fp_line (start 2.05 -9.1) (end 2.35 -9.1) (layer F.SilkS) (width 0.15))
    (fp_line (start 2.35 -9.1) (end 2.35 -9.4) (layer F.SilkS) (width 0.15))
    (fp_line (start -7.75 4.5) (end -7.75 1) (layer F.CrtYd) (width 0.05))
    (fp_line (start -7.75 1) (end -8.75 1) (layer F.CrtYd) (width 0.05))
    (fp_line (start -8.75 1) (end -8.75 -1.75) (layer F.CrtYd) (width 0.05))
    (fp_line (start -8.75 -1.75) (end -7.75 -1.75) (layer F.CrtYd) (width 0.05))
    (fp_line (start -7.75 -1.75) (end -7.75 -9) (layer F.CrtYd) (width 0.05))
    (fp_line (start -7.75 -9) (end -8.75 -9) (layer F.CrtYd) (width 0.05))
    (fp_line (start -8.75 -9) (end -8.75 -11) (layer F.CrtYd) (width 0.05))
    (fp_line (start -8.75 -11) (end -7.25 -11) (layer F.CrtYd) (width 0.05))
    (fp_line (start -7.25 -11) (end -7.25 -11.5) (layer F.CrtYd) (width 0.05))
    (fp_line (start -7.25 -11.5) (end 2.75 -11.5) (layer F.CrtYd) (width 0.05))
    (fp_line (start 2.75 -11.5) (end 2.75 -10.25) (layer F.CrtYd) (width 0.05))
    (fp_line (start 2.75 -10.25) (end 5.75 -10.25) (layer F.CrtYd) (width 0.05))
    (fp_line (start 5.75 -10.25) (end 5.75 -11) (layer F.CrtYd) (width 0.05))
    (fp_line (start 5.75 -11) (end 8 -11) (layer F.CrtYd) (width 0.05))
    (fp_line (start 8 -11) (end 8 -9) (layer F.CrtYd) (width 0.05))
    (fp_line (start 8 -9) (end 7.75 -9) (layer F.CrtYd) (width 0.05))
    (fp_line (start 7.75 -9) (end 7.75 -1.75) (layer F.CrtYd) (width 0.05))
    (fp_line (start 7.75 -1.75) (end 8.75 -1.75) (layer F.CrtYd) (width 0.05))
    (fp_line (start 8.75 -1.75) (end 8.75 1) (layer F.CrtYd) (width 0.05))
    (fp_line (start 8.75 1) (end 7.75 1) (layer F.CrtYd) (width 0.05))
    (fp_line (start 7.75 1) (end 7.75 4.5) (layer F.CrtYd) (width 0.05))
    (fp_line (start -9 4.5) (end -7 4.5) (layer Cmts.User) (width 0.05))
    (fp_line (start -7 4.5) (end -6 3.5) (layer Cmts.User) (width 0.05))
    (fp_line (start -6 3.5) (end 4 3.5) (layer Cmts.User) (width 0.05))
    (fp_line (start 4 3.5) (end 5 4.5) (layer Cmts.User) (width 0.05))
    (fp_line (start 5 4.5) (end 9 4.5) (layer Cmts.User) (width 0.05))
    (fp_line (start 0 3.3) (end 1.7 3.4) (layer F.Fab) (width 0.05))
    (fp_line (start 1.7 3.4) (end 3.5 3.7) (layer F.Fab) (width 0.05))
    (fp_line (start 3.5 3.7) (end 4.7 4) (layer F.Fab) (width 0.05))
    (fp_line (start 2.8 -10) (end 5.8 -10) (layer F.SilkS) (width 0.15))
    (fp_line (start -6.55 8.6) (end -6.55 3.3) (layer F.Fab) (width 0.05))
    (fp_line (start -5.85 9.3) (end 3.95 9.3) (layer F.Fab) (width 0.05))
    (fp_line (start 4.65 8.6) (end 4.65 4) (layer F.Fab) (width 0.05))
    (fp_line (start 4.65 4) (end 7.35 4) (layer F.Fab) (width 0.05))
    (fp_line (start -7.35 3.3) (end 0 3.3) (layer F.Fab) (width 0.05))
    (fp_line (start -7.35 -10) (end 7.35 -10) (layer F.Fab) (width 0.05))
    (fp_line (start 7.35 -10) (end 7.35 4) (layer F.Fab) (width 0.05))
    (fp_line (start -7.35 -10) (end -7.35 3.3) (layer F.Fab) (width 0.05))
    (fp_text user %R (at 2.1 -9.35 270) (layer Eco1.User)
      (effects (font (size 0.3 0.3) (thickness 0.03)))
    )
    (fp_arc (start -5.85 8.6) (end -6.55 8.6) (angle -90) (layer F.Fab) (width 0.05))
    (fp_arc (start 3.95 8.6) (end 4.65 8.6) (angle 90) (layer F.Fab) (width 0.05))
    (pad 9 smd rect (at 7.75 -0.4 90) (size 1.2 2.2) (layers F.Cu F.Paste F.Mask)
      (net 17 Earth_Protective))
    (pad 9 smd rect (at -7.75 -0.4 90) (size 1.2 2.2) (layers F.Cu F.Paste F.Mask)
      (net 17 Earth_Protective))
    (pad 9 smd rect (at 6.85 -10 90) (size 1.6 1.4) (layers F.Cu F.Paste F.Mask)
      (net 17 Earth_Protective))
    (pad 9 smd rect (at -7.75 -10 90) (size 1.2 1.4) (layers F.Cu F.Paste F.Mask)
      (net 17 Earth_Protective))
    (pad 9 smd rect (at -6.6 -10.5 90) (size 0.7 1.6) (layers F.Cu F.Paste F.Mask)
      (net 17 Earth_Protective))
    (pad 7 smd rect (at -4.4 -10.5 90) (size 0.7 1.6) (layers F.Cu F.Paste F.Mask)
      (net 80 /SDCARD-D0))
    (pad 8 smd rect (at -5.5 -10.5 90) (size 0.7 1.6) (layers F.Cu F.Paste F.Mask)
      (net 81 /SDCARD-D1))
    (pad 6 smd rect (at -3.3 -10.5 90) (size 0.7 1.6) (layers F.Cu F.Paste F.Mask)
      (net 1 GND))
    (pad 5 smd rect (at -2.2 -10.5 90) (size 0.7 1.6) (layers F.Cu F.Paste F.Mask)
      (net 82 /SDCARD-CK))
    (pad 4 smd rect (at -1.1 -10.5 90) (size 0.7 1.6) (layers F.Cu F.Paste F.Mask)
      (net 2 +3V3))
    (pad 1 smd rect (at 2.2 -10.5 90) (size 0.7 1.6) (layers F.Cu F.Paste F.Mask)
      (net 83 /SDCARD-D2))
    (pad 2 smd rect (at 1.1 -10.5 90) (size 0.7 1.6) (layers F.Cu F.Paste F.Mask)
      (net 84 /SDCARD-D3))
    (pad "" np_thru_hole circle (at 3.05 0 90) (size 1 1) (drill 1) (layers *.Cu))
    (pad "" np_thru_hole circle (at -4.93 0 90) (size 1 1) (drill 1) (layers *.Cu))
    (pad 3 smd rect (at 0 -10.5 90) (size 0.7 1.6) (layers F.Cu F.Paste F.Mask)
      (net 85 /SDCARD-CMD))
  )

  (module MountingHole:MountingHole_2.2mm_M2_DIN965_Pad (layer F.Cu) (tedit 56D1B4CB) (tstamp 5F95AE66)
    (at 150.1 126.7)
    (descr "Mounting Hole 2.2mm, M2, DIN965")
    (tags "mounting hole 2.2mm m2 din965")
    (path /5F976F04)
    (attr virtual)
    (fp_text reference H3 (at 0 -2.9) (layer F.SilkS)
      (effects (font (size 1 1) (thickness 0.15)))
    )
    (fp_text value 2mm (at 0 2.9) (layer F.Fab)
      (effects (font (size 1 1) (thickness 0.15)))
    )
    (fp_circle (center 0 0) (end 1.9 0) (layer Cmts.User) (width 0.15))
    (fp_circle (center 0 0) (end 2.15 0) (layer F.CrtYd) (width 0.05))
    (fp_text user %R (at 0.3 0) (layer F.Fab)
      (effects (font (size 1 1) (thickness 0.15)))
    )
    (pad 1 thru_hole circle (at 0 0) (size 3.8 3.8) (drill 2.2) (layers *.Cu *.Mask)
      (net 17 Earth_Protective))
  )

  (module MountingHole:MountingHole_2.2mm_M2_DIN965_Pad (layer F.Cu) (tedit 56D1B4CB) (tstamp 5F970280)
    (at 76.1 140)
    (descr "Mounting Hole 2.2mm, M2, DIN965")
    (tags "mounting hole 2.2mm m2 din965")
    (path /5F976D56)
    (attr virtual)
    (fp_text reference H2 (at 0 -2.9) (layer F.SilkS)
      (effects (font (size 1 1) (thickness 0.15)))
    )
    (fp_text value 2mm (at 0 2.9) (layer F.Fab)
      (effects (font (size 1 1) (thickness 0.15)))
    )
    (fp_circle (center 0 0) (end 1.9 0) (layer Cmts.User) (width 0.15))
    (fp_circle (center 0 0) (end 2.15 0) (layer F.CrtYd) (width 0.05))
    (fp_text user %R (at 0.3 0) (layer F.Fab)
      (effects (font (size 1 1) (thickness 0.15)))
    )
    (pad 1 thru_hole circle (at 0 0) (size 3.8 3.8) (drill 2.2) (layers *.Cu *.Mask)
      (net 17 Earth_Protective))
  )

  (module MountingHole:MountingHole_2.2mm_M2_DIN965_Pad (layer F.Cu) (tedit 56D1B4CB) (tstamp 5F970303)
    (at 104.2 73.3)
    (descr "Mounting Hole 2.2mm, M2, DIN965")
    (tags "mounting hole 2.2mm m2 din965")
    (path /5F9762F5)
    (attr virtual)
    (fp_text reference H1 (at 0 -2.9) (layer F.SilkS)
      (effects (font (size 1 1) (thickness 0.15)))
    )
    (fp_text value 2mm (at 0 2.9) (layer F.Fab)
      (effects (font (size 1 1) (thickness 0.15)))
    )
    (fp_circle (center 0 0) (end 1.9 0) (layer Cmts.User) (width 0.15))
    (fp_circle (center 0 0) (end 2.15 0) (layer F.CrtYd) (width 0.05))
    (fp_text user %R (at 0.3 0) (layer F.Fab)
      (effects (font (size 1 1) (thickness 0.15)))
    )
    (pad 1 thru_hole circle (at 0 0) (size 3.8 3.8) (drill 2.2) (layers *.Cu *.Mask)
      (net 17 Earth_Protective))
  )

  (module Capacitor_SMD:C_0603_1608Metric (layer F.Cu) (tedit 5F68FEEE) (tstamp 5F94354B)
    (at 104.717 100.734)
    (descr "Capacitor SMD 0603 (1608 Metric), square (rectangular) end terminal, IPC_7351 nominal, (Body size source: IPC-SM-782 page 76, https://www.pcb-3d.com/wordpress/wp-content/uploads/ipc-sm-782a_amendment_1_and_2.pdf), generated with kicad-footprint-generator")
    (tags capacitor)
    (path /5FD3EDC0)
    (attr smd)
    (fp_text reference C1 (at 0 -1.43) (layer F.SilkS)
      (effects (font (size 1 1) (thickness 0.15)))
    )
    (fp_text value 4.7uF (at 0 1.43) (layer F.Fab)
      (effects (font (size 1 1) (thickness 0.15)))
    )
    (fp_line (start 1.48 0.73) (end -1.48 0.73) (layer F.CrtYd) (width 0.05))
    (fp_line (start 1.48 -0.73) (end 1.48 0.73) (layer F.CrtYd) (width 0.05))
    (fp_line (start -1.48 -0.73) (end 1.48 -0.73) (layer F.CrtYd) (width 0.05))
    (fp_line (start -1.48 0.73) (end -1.48 -0.73) (layer F.CrtYd) (width 0.05))
    (fp_line (start -0.14058 0.51) (end 0.14058 0.51) (layer F.SilkS) (width 0.12))
    (fp_line (start -0.14058 -0.51) (end 0.14058 -0.51) (layer F.SilkS) (width 0.12))
    (fp_line (start 0.8 0.4) (end -0.8 0.4) (layer F.Fab) (width 0.1))
    (fp_line (start 0.8 -0.4) (end 0.8 0.4) (layer F.Fab) (width 0.1))
    (fp_line (start -0.8 -0.4) (end 0.8 -0.4) (layer F.Fab) (width 0.1))
    (fp_line (start -0.8 0.4) (end -0.8 -0.4) (layer F.Fab) (width 0.1))
    (fp_text user %R (at 0 0) (layer F.Fab)
      (effects (font (size 0.4 0.4) (thickness 0.06)))
    )
    (pad 2 smd roundrect (at 0.775 0) (size 0.9 0.95) (layers F.Cu F.Paste F.Mask) (roundrect_rratio 0.25)
      (net 1 GND))
    (pad 1 smd roundrect (at -0.775 0) (size 0.9 0.95) (layers F.Cu F.Paste F.Mask) (roundrect_rratio 0.25)
      (net 2 +3V3))
    (model ${KISYS3DMOD}/Capacitor_SMD.3dshapes/C_0603_1608Metric.wrl
      (at (xyz 0 0 0))
      (scale (xyz 1 1 1))
      (rotate (xyz 0 0 0))
    )
  )

  (module Capacitor_SMD:C_0603_1608Metric (layer F.Cu) (tedit 5F68FEEE) (tstamp 5F94355C)
    (at 104.704 104.036)
    (descr "Capacitor SMD 0603 (1608 Metric), square (rectangular) end terminal, IPC_7351 nominal, (Body size source: IPC-SM-782 page 76, https://www.pcb-3d.com/wordpress/wp-content/uploads/ipc-sm-782a_amendment_1_and_2.pdf), generated with kicad-footprint-generator")
    (tags capacitor)
    (path /5FD3ED9E)
    (attr smd)
    (fp_text reference C2 (at 0 -1.43) (layer F.SilkS)
      (effects (font (size 1 1) (thickness 0.15)))
    )
    (fp_text value 100nF (at 0 1.43) (layer F.Fab)
      (effects (font (size 1 1) (thickness 0.15)))
    )
    (fp_line (start -0.8 0.4) (end -0.8 -0.4) (layer F.Fab) (width 0.1))
    (fp_line (start -0.8 -0.4) (end 0.8 -0.4) (layer F.Fab) (width 0.1))
    (fp_line (start 0.8 -0.4) (end 0.8 0.4) (layer F.Fab) (width 0.1))
    (fp_line (start 0.8 0.4) (end -0.8 0.4) (layer F.Fab) (width 0.1))
    (fp_line (start -0.14058 -0.51) (end 0.14058 -0.51) (layer F.SilkS) (width 0.12))
    (fp_line (start -0.14058 0.51) (end 0.14058 0.51) (layer F.SilkS) (width 0.12))
    (fp_line (start -1.48 0.73) (end -1.48 -0.73) (layer F.CrtYd) (width 0.05))
    (fp_line (start -1.48 -0.73) (end 1.48 -0.73) (layer F.CrtYd) (width 0.05))
    (fp_line (start 1.48 -0.73) (end 1.48 0.73) (layer F.CrtYd) (width 0.05))
    (fp_line (start 1.48 0.73) (end -1.48 0.73) (layer F.CrtYd) (width 0.05))
    (fp_text user %R (at 0 0) (layer F.Fab)
      (effects (font (size 0.4 0.4) (thickness 0.06)))
    )
    (pad 1 smd roundrect (at -0.775 0) (size 0.9 0.95) (layers F.Cu F.Paste F.Mask) (roundrect_rratio 0.25)
      (net 2 +3V3))
    (pad 2 smd roundrect (at 0.775 0) (size 0.9 0.95) (layers F.Cu F.Paste F.Mask) (roundrect_rratio 0.25)
      (net 1 GND))
    (model ${KISYS3DMOD}/Capacitor_SMD.3dshapes/C_0603_1608Metric.wrl
      (at (xyz 0 0 0))
      (scale (xyz 1 1 1))
      (rotate (xyz 0 0 0))
    )
  )

  (module Capacitor_SMD:C_0603_1608Metric (layer F.Cu) (tedit 5F68FEEE) (tstamp 5F94356D)
    (at 104.704 107.338)
    (descr "Capacitor SMD 0603 (1608 Metric), square (rectangular) end terminal, IPC_7351 nominal, (Body size source: IPC-SM-782 page 76, https://www.pcb-3d.com/wordpress/wp-content/uploads/ipc-sm-782a_amendment_1_and_2.pdf), generated with kicad-footprint-generator")
    (tags capacitor)
    (path /5FD3ED98)
    (attr smd)
    (fp_text reference C3 (at 0 -1.43) (layer F.SilkS)
      (effects (font (size 1 1) (thickness 0.15)))
    )
    (fp_text value 100nF (at 0 1.43) (layer F.Fab)
      (effects (font (size 1 1) (thickness 0.15)))
    )
    (fp_line (start 1.48 0.73) (end -1.48 0.73) (layer F.CrtYd) (width 0.05))
    (fp_line (start 1.48 -0.73) (end 1.48 0.73) (layer F.CrtYd) (width 0.05))
    (fp_line (start -1.48 -0.73) (end 1.48 -0.73) (layer F.CrtYd) (width 0.05))
    (fp_line (start -1.48 0.73) (end -1.48 -0.73) (layer F.CrtYd) (width 0.05))
    (fp_line (start -0.14058 0.51) (end 0.14058 0.51) (layer F.SilkS) (width 0.12))
    (fp_line (start -0.14058 -0.51) (end 0.14058 -0.51) (layer F.SilkS) (width 0.12))
    (fp_line (start 0.8 0.4) (end -0.8 0.4) (layer F.Fab) (width 0.1))
    (fp_line (start 0.8 -0.4) (end 0.8 0.4) (layer F.Fab) (width 0.1))
    (fp_line (start -0.8 -0.4) (end 0.8 -0.4) (layer F.Fab) (width 0.1))
    (fp_line (start -0.8 0.4) (end -0.8 -0.4) (layer F.Fab) (width 0.1))
    (fp_text user %R (at 0 0) (layer F.Fab)
      (effects (font (size 0.4 0.4) (thickness 0.06)))
    )
    (pad 2 smd roundrect (at 0.775 0) (size 0.9 0.95) (layers F.Cu F.Paste F.Mask) (roundrect_rratio 0.25)
      (net 1 GND))
    (pad 1 smd roundrect (at -0.775 0) (size 0.9 0.95) (layers F.Cu F.Paste F.Mask) (roundrect_rratio 0.25)
      (net 2 +3V3))
    (model ${KISYS3DMOD}/Capacitor_SMD.3dshapes/C_0603_1608Metric.wrl
      (at (xyz 0 0 0))
      (scale (xyz 1 1 1))
      (rotate (xyz 0 0 0))
    )
  )

  (module Capacitor_SMD:C_0603_1608Metric (layer F.Cu) (tedit 5F68FEEE) (tstamp 5F94357E)
    (at 104.971 110.64)
    (descr "Capacitor SMD 0603 (1608 Metric), square (rectangular) end terminal, IPC_7351 nominal, (Body size source: IPC-SM-782 page 76, https://www.pcb-3d.com/wordpress/wp-content/uploads/ipc-sm-782a_amendment_1_and_2.pdf), generated with kicad-footprint-generator")
    (tags capacitor)
    (path /5FD3ED92)
    (attr smd)
    (fp_text reference C4 (at 0 -1.43) (layer F.SilkS)
      (effects (font (size 1 1) (thickness 0.15)))
    )
    (fp_text value 100nF (at 0 1.43) (layer F.Fab)
      (effects (font (size 1 1) (thickness 0.15)))
    )
    (fp_line (start -0.8 0.4) (end -0.8 -0.4) (layer F.Fab) (width 0.1))
    (fp_line (start -0.8 -0.4) (end 0.8 -0.4) (layer F.Fab) (width 0.1))
    (fp_line (start 0.8 -0.4) (end 0.8 0.4) (layer F.Fab) (width 0.1))
    (fp_line (start 0.8 0.4) (end -0.8 0.4) (layer F.Fab) (width 0.1))
    (fp_line (start -0.14058 -0.51) (end 0.14058 -0.51) (layer F.SilkS) (width 0.12))
    (fp_line (start -0.14058 0.51) (end 0.14058 0.51) (layer F.SilkS) (width 0.12))
    (fp_line (start -1.48 0.73) (end -1.48 -0.73) (layer F.CrtYd) (width 0.05))
    (fp_line (start -1.48 -0.73) (end 1.48 -0.73) (layer F.CrtYd) (width 0.05))
    (fp_line (start 1.48 -0.73) (end 1.48 0.73) (layer F.CrtYd) (width 0.05))
    (fp_line (start 1.48 0.73) (end -1.48 0.73) (layer F.CrtYd) (width 0.05))
    (fp_text user %R (at 0 0) (layer F.Fab)
      (effects (font (size 0.4 0.4) (thickness 0.06)))
    )
    (pad 1 smd roundrect (at -0.775 0) (size 0.9 0.95) (layers F.Cu F.Paste F.Mask) (roundrect_rratio 0.25)
      (net 2 +3V3))
    (pad 2 smd roundrect (at 0.775 0) (size 0.9 0.95) (layers F.Cu F.Paste F.Mask) (roundrect_rratio 0.25)
      (net 1 GND))
    (model ${KISYS3DMOD}/Capacitor_SMD.3dshapes/C_0603_1608Metric.wrl
      (at (xyz 0 0 0))
      (scale (xyz 1 1 1))
      (rotate (xyz 0 0 0))
    )
  )

  (module Capacitor_SMD:C_0603_1608Metric (layer F.Cu) (tedit 5F68FEEE) (tstamp 5F94358F)
    (at 104.958 113.688)
    (descr "Capacitor SMD 0603 (1608 Metric), square (rectangular) end terminal, IPC_7351 nominal, (Body size source: IPC-SM-782 page 76, https://www.pcb-3d.com/wordpress/wp-content/uploads/ipc-sm-782a_amendment_1_and_2.pdf), generated with kicad-footprint-generator")
    (tags capacitor)
    (path /5FD3ED8C)
    (attr smd)
    (fp_text reference C5 (at 0 -1.43) (layer F.SilkS)
      (effects (font (size 1 1) (thickness 0.15)))
    )
    (fp_text value 100nF (at 0 1.43) (layer F.Fab)
      (effects (font (size 1 1) (thickness 0.15)))
    )
    (fp_line (start -0.8 0.4) (end -0.8 -0.4) (layer F.Fab) (width 0.1))
    (fp_line (start -0.8 -0.4) (end 0.8 -0.4) (layer F.Fab) (width 0.1))
    (fp_line (start 0.8 -0.4) (end 0.8 0.4) (layer F.Fab) (width 0.1))
    (fp_line (start 0.8 0.4) (end -0.8 0.4) (layer F.Fab) (width 0.1))
    (fp_line (start -0.14058 -0.51) (end 0.14058 -0.51) (layer F.SilkS) (width 0.12))
    (fp_line (start -0.14058 0.51) (end 0.14058 0.51) (layer F.SilkS) (width 0.12))
    (fp_line (start -1.48 0.73) (end -1.48 -0.73) (layer F.CrtYd) (width 0.05))
    (fp_line (start -1.48 -0.73) (end 1.48 -0.73) (layer F.CrtYd) (width 0.05))
    (fp_line (start 1.48 -0.73) (end 1.48 0.73) (layer F.CrtYd) (width 0.05))
    (fp_line (start 1.48 0.73) (end -1.48 0.73) (layer F.CrtYd) (width 0.05))
    (fp_text user %R (at 0 0) (layer F.Fab)
      (effects (font (size 0.4 0.4) (thickness 0.06)))
    )
    (pad 1 smd roundrect (at -0.775 0) (size 0.9 0.95) (layers F.Cu F.Paste F.Mask) (roundrect_rratio 0.25)
      (net 2 +3V3))
    (pad 2 smd roundrect (at 0.775 0) (size 0.9 0.95) (layers F.Cu F.Paste F.Mask) (roundrect_rratio 0.25)
      (net 1 GND))
    (model ${KISYS3DMOD}/Capacitor_SMD.3dshapes/C_0603_1608Metric.wrl
      (at (xyz 0 0 0))
      (scale (xyz 1 1 1))
      (rotate (xyz 0 0 0))
    )
  )

  (module Capacitor_SMD:C_0603_1608Metric (layer F.Cu) (tedit 5F68FEEE) (tstamp 5F9435A0)
    (at 105.479 116.736)
    (descr "Capacitor SMD 0603 (1608 Metric), square (rectangular) end terminal, IPC_7351 nominal, (Body size source: IPC-SM-782 page 76, https://www.pcb-3d.com/wordpress/wp-content/uploads/ipc-sm-782a_amendment_1_and_2.pdf), generated with kicad-footprint-generator")
    (tags capacitor)
    (path /60437C95)
    (attr smd)
    (fp_text reference C6 (at 0 -1.43) (layer F.SilkS)
      (effects (font (size 1 1) (thickness 0.15)))
    )
    (fp_text value 100nF (at 0 1.43) (layer F.Fab)
      (effects (font (size 1 1) (thickness 0.15)))
    )
    (fp_line (start -0.8 0.4) (end -0.8 -0.4) (layer F.Fab) (width 0.1))
    (fp_line (start -0.8 -0.4) (end 0.8 -0.4) (layer F.Fab) (width 0.1))
    (fp_line (start 0.8 -0.4) (end 0.8 0.4) (layer F.Fab) (width 0.1))
    (fp_line (start 0.8 0.4) (end -0.8 0.4) (layer F.Fab) (width 0.1))
    (fp_line (start -0.14058 -0.51) (end 0.14058 -0.51) (layer F.SilkS) (width 0.12))
    (fp_line (start -0.14058 0.51) (end 0.14058 0.51) (layer F.SilkS) (width 0.12))
    (fp_line (start -1.48 0.73) (end -1.48 -0.73) (layer F.CrtYd) (width 0.05))
    (fp_line (start -1.48 -0.73) (end 1.48 -0.73) (layer F.CrtYd) (width 0.05))
    (fp_line (start 1.48 -0.73) (end 1.48 0.73) (layer F.CrtYd) (width 0.05))
    (fp_line (start 1.48 0.73) (end -1.48 0.73) (layer F.CrtYd) (width 0.05))
    (fp_text user %R (at 0 0) (layer F.Fab)
      (effects (font (size 0.4 0.4) (thickness 0.06)))
    )
    (pad 1 smd roundrect (at -0.775 0) (size 0.9 0.95) (layers F.Cu F.Paste F.Mask) (roundrect_rratio 0.25)
      (net 2 +3V3))
    (pad 2 smd roundrect (at 0.775 0) (size 0.9 0.95) (layers F.Cu F.Paste F.Mask) (roundrect_rratio 0.25)
      (net 1 GND))
    (model ${KISYS3DMOD}/Capacitor_SMD.3dshapes/C_0603_1608Metric.wrl
      (at (xyz 0 0 0))
      (scale (xyz 1 1 1))
      (rotate (xyz 0 0 0))
    )
  )

  (module Capacitor_SMD:C_0603_1608Metric (layer F.Cu) (tedit 5F68FEEE) (tstamp 5F9435B1)
    (at 105.479 120.038)
    (descr "Capacitor SMD 0603 (1608 Metric), square (rectangular) end terminal, IPC_7351 nominal, (Body size source: IPC-SM-782 page 76, https://www.pcb-3d.com/wordpress/wp-content/uploads/ipc-sm-782a_amendment_1_and_2.pdf), generated with kicad-footprint-generator")
    (tags capacitor)
    (path /60437F97)
    (attr smd)
    (fp_text reference C7 (at 0 -1.43) (layer F.SilkS)
      (effects (font (size 1 1) (thickness 0.15)))
    )
    (fp_text value 100nF (at 0 1.43) (layer F.Fab)
      (effects (font (size 1 1) (thickness 0.15)))
    )
    (fp_line (start -0.8 0.4) (end -0.8 -0.4) (layer F.Fab) (width 0.1))
    (fp_line (start -0.8 -0.4) (end 0.8 -0.4) (layer F.Fab) (width 0.1))
    (fp_line (start 0.8 -0.4) (end 0.8 0.4) (layer F.Fab) (width 0.1))
    (fp_line (start 0.8 0.4) (end -0.8 0.4) (layer F.Fab) (width 0.1))
    (fp_line (start -0.14058 -0.51) (end 0.14058 -0.51) (layer F.SilkS) (width 0.12))
    (fp_line (start -0.14058 0.51) (end 0.14058 0.51) (layer F.SilkS) (width 0.12))
    (fp_line (start -1.48 0.73) (end -1.48 -0.73) (layer F.CrtYd) (width 0.05))
    (fp_line (start -1.48 -0.73) (end 1.48 -0.73) (layer F.CrtYd) (width 0.05))
    (fp_line (start 1.48 -0.73) (end 1.48 0.73) (layer F.CrtYd) (width 0.05))
    (fp_line (start 1.48 0.73) (end -1.48 0.73) (layer F.CrtYd) (width 0.05))
    (fp_text user %R (at 0 0) (layer F.Fab)
      (effects (font (size 0.4 0.4) (thickness 0.06)))
    )
    (pad 1 smd roundrect (at -0.775 0) (size 0.9 0.95) (layers F.Cu F.Paste F.Mask) (roundrect_rratio 0.25)
      (net 2 +3V3))
    (pad 2 smd roundrect (at 0.775 0) (size 0.9 0.95) (layers F.Cu F.Paste F.Mask) (roundrect_rratio 0.25)
      (net 1 GND))
    (model ${KISYS3DMOD}/Capacitor_SMD.3dshapes/C_0603_1608Metric.wrl
      (at (xyz 0 0 0))
      (scale (xyz 1 1 1))
      (rotate (xyz 0 0 0))
    )
  )

  (module Capacitor_SMD:C_0603_1608Metric (layer F.Cu) (tedit 5F68FEEE) (tstamp 5F9435C2)
    (at 131.374 110.386)
    (descr "Capacitor SMD 0603 (1608 Metric), square (rectangular) end terminal, IPC_7351 nominal, (Body size source: IPC-SM-782 page 76, https://www.pcb-3d.com/wordpress/wp-content/uploads/ipc-sm-782a_amendment_1_and_2.pdf), generated with kicad-footprint-generator")
    (tags capacitor)
    (path /600DA132)
    (attr smd)
    (fp_text reference C8 (at 0 -1.43) (layer F.SilkS)
      (effects (font (size 1 1) (thickness 0.15)))
    )
    (fp_text value 100nF (at 0 1.43) (layer F.Fab)
      (effects (font (size 1 1) (thickness 0.15)))
    )
    (fp_line (start 1.48 0.73) (end -1.48 0.73) (layer F.CrtYd) (width 0.05))
    (fp_line (start 1.48 -0.73) (end 1.48 0.73) (layer F.CrtYd) (width 0.05))
    (fp_line (start -1.48 -0.73) (end 1.48 -0.73) (layer F.CrtYd) (width 0.05))
    (fp_line (start -1.48 0.73) (end -1.48 -0.73) (layer F.CrtYd) (width 0.05))
    (fp_line (start -0.14058 0.51) (end 0.14058 0.51) (layer F.SilkS) (width 0.12))
    (fp_line (start -0.14058 -0.51) (end 0.14058 -0.51) (layer F.SilkS) (width 0.12))
    (fp_line (start 0.8 0.4) (end -0.8 0.4) (layer F.Fab) (width 0.1))
    (fp_line (start 0.8 -0.4) (end 0.8 0.4) (layer F.Fab) (width 0.1))
    (fp_line (start -0.8 -0.4) (end 0.8 -0.4) (layer F.Fab) (width 0.1))
    (fp_line (start -0.8 0.4) (end -0.8 -0.4) (layer F.Fab) (width 0.1))
    (fp_text user %R (at 0 0) (layer F.Fab)
      (effects (font (size 0.4 0.4) (thickness 0.06)))
    )
    (pad 2 smd roundrect (at 0.775 0) (size 0.9 0.95) (layers F.Cu F.Paste F.Mask) (roundrect_rratio 0.25)
      (net 1 GND))
    (pad 1 smd roundrect (at -0.775 0) (size 0.9 0.95) (layers F.Cu F.Paste F.Mask) (roundrect_rratio 0.25)
      (net 3 /VDDA))
    (model ${KISYS3DMOD}/Capacitor_SMD.3dshapes/C_0603_1608Metric.wrl
      (at (xyz 0 0 0))
      (scale (xyz 1 1 1))
      (rotate (xyz 0 0 0))
    )
  )

  (module Capacitor_SMD:C_0603_1608Metric (layer F.Cu) (tedit 5F68FEEE) (tstamp 5F9435D3)
    (at 131.641 113.688)
    (descr "Capacitor SMD 0603 (1608 Metric), square (rectangular) end terminal, IPC_7351 nominal, (Body size source: IPC-SM-782 page 76, https://www.pcb-3d.com/wordpress/wp-content/uploads/ipc-sm-782a_amendment_1_and_2.pdf), generated with kicad-footprint-generator")
    (tags capacitor)
    (path /600D9A97)
    (attr smd)
    (fp_text reference C9 (at 0 -1.43) (layer F.SilkS)
      (effects (font (size 1 1) (thickness 0.15)))
    )
    (fp_text value 4.7uF (at 0 1.43) (layer F.Fab)
      (effects (font (size 1 1) (thickness 0.15)))
    )
    (fp_line (start -0.8 0.4) (end -0.8 -0.4) (layer F.Fab) (width 0.1))
    (fp_line (start -0.8 -0.4) (end 0.8 -0.4) (layer F.Fab) (width 0.1))
    (fp_line (start 0.8 -0.4) (end 0.8 0.4) (layer F.Fab) (width 0.1))
    (fp_line (start 0.8 0.4) (end -0.8 0.4) (layer F.Fab) (width 0.1))
    (fp_line (start -0.14058 -0.51) (end 0.14058 -0.51) (layer F.SilkS) (width 0.12))
    (fp_line (start -0.14058 0.51) (end 0.14058 0.51) (layer F.SilkS) (width 0.12))
    (fp_line (start -1.48 0.73) (end -1.48 -0.73) (layer F.CrtYd) (width 0.05))
    (fp_line (start -1.48 -0.73) (end 1.48 -0.73) (layer F.CrtYd) (width 0.05))
    (fp_line (start 1.48 -0.73) (end 1.48 0.73) (layer F.CrtYd) (width 0.05))
    (fp_line (start 1.48 0.73) (end -1.48 0.73) (layer F.CrtYd) (width 0.05))
    (fp_text user %R (at 0 0) (layer F.Fab)
      (effects (font (size 0.4 0.4) (thickness 0.06)))
    )
    (pad 1 smd roundrect (at -0.775 0) (size 0.9 0.95) (layers F.Cu F.Paste F.Mask) (roundrect_rratio 0.25)
      (net 3 /VDDA))
    (pad 2 smd roundrect (at 0.775 0) (size 0.9 0.95) (layers F.Cu F.Paste F.Mask) (roundrect_rratio 0.25)
      (net 1 GND))
    (model ${KISYS3DMOD}/Capacitor_SMD.3dshapes/C_0603_1608Metric.wrl
      (at (xyz 0 0 0))
      (scale (xyz 1 1 1))
      (rotate (xyz 0 0 0))
    )
  )

  (module Capacitor_SMD:C_0603_1608Metric (layer F.Cu) (tedit 5F68FEEE) (tstamp 5F9435E4)
    (at 111.054 88.288)
    (descr "Capacitor SMD 0603 (1608 Metric), square (rectangular) end terminal, IPC_7351 nominal, (Body size source: IPC-SM-782 page 76, https://www.pcb-3d.com/wordpress/wp-content/uploads/ipc-sm-782a_amendment_1_and_2.pdf), generated with kicad-footprint-generator")
    (tags capacitor)
    (path /5FD3ED36)
    (attr smd)
    (fp_text reference C10 (at 0 -1.43) (layer F.SilkS)
      (effects (font (size 1 1) (thickness 0.15)))
    )
    (fp_text value 100nF (at 0 1.43) (layer F.Fab)
      (effects (font (size 1 1) (thickness 0.15)))
    )
    (fp_line (start 1.48 0.73) (end -1.48 0.73) (layer F.CrtYd) (width 0.05))
    (fp_line (start 1.48 -0.73) (end 1.48 0.73) (layer F.CrtYd) (width 0.05))
    (fp_line (start -1.48 -0.73) (end 1.48 -0.73) (layer F.CrtYd) (width 0.05))
    (fp_line (start -1.48 0.73) (end -1.48 -0.73) (layer F.CrtYd) (width 0.05))
    (fp_line (start -0.14058 0.51) (end 0.14058 0.51) (layer F.SilkS) (width 0.12))
    (fp_line (start -0.14058 -0.51) (end 0.14058 -0.51) (layer F.SilkS) (width 0.12))
    (fp_line (start 0.8 0.4) (end -0.8 0.4) (layer F.Fab) (width 0.1))
    (fp_line (start 0.8 -0.4) (end 0.8 0.4) (layer F.Fab) (width 0.1))
    (fp_line (start -0.8 -0.4) (end 0.8 -0.4) (layer F.Fab) (width 0.1))
    (fp_line (start -0.8 0.4) (end -0.8 -0.4) (layer F.Fab) (width 0.1))
    (fp_text user %R (at 0 0) (layer F.Fab)
      (effects (font (size 0.4 0.4) (thickness 0.06)))
    )
    (pad 2 smd roundrect (at 0.775 0) (size 0.9 0.95) (layers F.Cu F.Paste F.Mask) (roundrect_rratio 0.25)
      (net 1 GND))
    (pad 1 smd roundrect (at -0.775 0) (size 0.9 0.95) (layers F.Cu F.Paste F.Mask) (roundrect_rratio 0.25)
      (net 4 /RESET))
    (model ${KISYS3DMOD}/Capacitor_SMD.3dshapes/C_0603_1608Metric.wrl
      (at (xyz 0 0 0))
      (scale (xyz 1 1 1))
      (rotate (xyz 0 0 0))
    )
  )

  (module Capacitor_SMD:C_0603_1608Metric (layer F.Cu) (tedit 5F68FEEE) (tstamp 5F9435F5)
    (at 202.494 91.336 270)
    (descr "Capacitor SMD 0603 (1608 Metric), square (rectangular) end terminal, IPC_7351 nominal, (Body size source: IPC-SM-782 page 76, https://www.pcb-3d.com/wordpress/wp-content/uploads/ipc-sm-782a_amendment_1_and_2.pdf), generated with kicad-footprint-generator")
    (tags capacitor)
    (path /5FA15E45)
    (attr smd)
    (fp_text reference C11 (at 0 -1.43 90) (layer F.SilkS)
      (effects (font (size 1 1) (thickness 0.15)))
    )
    (fp_text value 470pF (at 0 1.43 90) (layer F.Fab)
      (effects (font (size 1 1) (thickness 0.15)))
    )
    (fp_line (start 1.48 0.73) (end -1.48 0.73) (layer F.CrtYd) (width 0.05))
    (fp_line (start 1.48 -0.73) (end 1.48 0.73) (layer F.CrtYd) (width 0.05))
    (fp_line (start -1.48 -0.73) (end 1.48 -0.73) (layer F.CrtYd) (width 0.05))
    (fp_line (start -1.48 0.73) (end -1.48 -0.73) (layer F.CrtYd) (width 0.05))
    (fp_line (start -0.14058 0.51) (end 0.14058 0.51) (layer F.SilkS) (width 0.12))
    (fp_line (start -0.14058 -0.51) (end 0.14058 -0.51) (layer F.SilkS) (width 0.12))
    (fp_line (start 0.8 0.4) (end -0.8 0.4) (layer F.Fab) (width 0.1))
    (fp_line (start 0.8 -0.4) (end 0.8 0.4) (layer F.Fab) (width 0.1))
    (fp_line (start -0.8 -0.4) (end 0.8 -0.4) (layer F.Fab) (width 0.1))
    (fp_line (start -0.8 0.4) (end -0.8 -0.4) (layer F.Fab) (width 0.1))
    (fp_text user %R (at 0 0 90) (layer F.Fab)
      (effects (font (size 0.4 0.4) (thickness 0.06)))
    )
    (pad 2 smd roundrect (at 0.775 0 270) (size 0.9 0.95) (layers F.Cu F.Paste F.Mask) (roundrect_rratio 0.25)
      (net 1 GND))
    (pad 1 smd roundrect (at -0.775 0 270) (size 0.9 0.95) (layers F.Cu F.Paste F.Mask) (roundrect_rratio 0.25)
      (net 5 /5VINT))
    (model ${KISYS3DMOD}/Capacitor_SMD.3dshapes/C_0603_1608Metric.wrl
      (at (xyz 0 0 0))
      (scale (xyz 1 1 1))
      (rotate (xyz 0 0 0))
    )
  )

  (module Capacitor_SMD:C_1210_3225Metric (layer F.Cu) (tedit 5F68FEEE) (tstamp 5F943606)
    (at 205.034 91.336 270)
    (descr "Capacitor SMD 1210 (3225 Metric), square (rectangular) end terminal, IPC_7351 nominal, (Body size source: IPC-SM-782 page 76, https://www.pcb-3d.com/wordpress/wp-content/uploads/ipc-sm-782a_amendment_1_and_2.pdf), generated with kicad-footprint-generator")
    (tags capacitor)
    (path /5FA15E4D)
    (attr smd)
    (fp_text reference C12 (at 0 -2.3 90) (layer F.SilkS)
      (effects (font (size 1 1) (thickness 0.15)))
    )
    (fp_text value 22uF/10V (at 0 2.3 90) (layer F.Fab)
      (effects (font (size 1 1) (thickness 0.15)))
    )
    (fp_line (start 2.3 1.6) (end -2.3 1.6) (layer F.CrtYd) (width 0.05))
    (fp_line (start 2.3 -1.6) (end 2.3 1.6) (layer F.CrtYd) (width 0.05))
    (fp_line (start -2.3 -1.6) (end 2.3 -1.6) (layer F.CrtYd) (width 0.05))
    (fp_line (start -2.3 1.6) (end -2.3 -1.6) (layer F.CrtYd) (width 0.05))
    (fp_line (start -0.711252 1.36) (end 0.711252 1.36) (layer F.SilkS) (width 0.12))
    (fp_line (start -0.711252 -1.36) (end 0.711252 -1.36) (layer F.SilkS) (width 0.12))
    (fp_line (start 1.6 1.25) (end -1.6 1.25) (layer F.Fab) (width 0.1))
    (fp_line (start 1.6 -1.25) (end 1.6 1.25) (layer F.Fab) (width 0.1))
    (fp_line (start -1.6 -1.25) (end 1.6 -1.25) (layer F.Fab) (width 0.1))
    (fp_line (start -1.6 1.25) (end -1.6 -1.25) (layer F.Fab) (width 0.1))
    (fp_text user %R (at 0 0 90) (layer F.Fab)
      (effects (font (size 0.8 0.8) (thickness 0.12)))
    )
    (pad 2 smd roundrect (at 1.475 0 270) (size 1.15 2.7) (layers F.Cu F.Paste F.Mask) (roundrect_rratio 0.217391)
      (net 1 GND))
    (pad 1 smd roundrect (at -1.475 0 270) (size 1.15 2.7) (layers F.Cu F.Paste F.Mask) (roundrect_rratio 0.217391)
      (net 5 /5VINT))
    (model ${KISYS3DMOD}/Capacitor_SMD.3dshapes/C_1210_3225Metric.wrl
      (at (xyz 0 0 0))
      (scale (xyz 1 1 1))
      (rotate (xyz 0 0 0))
    )
  )

  (module Capacitor_SMD:C_1210_3225Metric (layer F.Cu) (tedit 5F68FEEE) (tstamp 5F943617)
    (at 208.59 91.336 270)
    (descr "Capacitor SMD 1210 (3225 Metric), square (rectangular) end terminal, IPC_7351 nominal, (Body size source: IPC-SM-782 page 76, https://www.pcb-3d.com/wordpress/wp-content/uploads/ipc-sm-782a_amendment_1_and_2.pdf), generated with kicad-footprint-generator")
    (tags capacitor)
    (path /5FA15E3E)
    (attr smd)
    (fp_text reference C13 (at 0 -2.3 90) (layer F.SilkS)
      (effects (font (size 1 1) (thickness 0.15)))
    )
    (fp_text value 22uF/10V (at 0 2.3 90) (layer F.Fab)
